0
-3.27444351490268E-018
0
0.2517687477
0
2.3238688160968E-018
0
-1.70751217492775E-018
0
-0.0031376567
0
4.46198290342464E-019
0
-1.2002593342774E-019
0
3.88011789046352E-005
0
-1.14753116147239E-019
0
-3.60935789212391E-019
0
-0.000000482
0
6.51906575505445E-020
0
1.29344911954495E-020
0
0.000000006
0
-8.61554835646922E-020
0
4.4256792352475E-021
0
-7.44943689008453E-011
0
1.2011109031154E-019
0
-7.87382550717069E-021
0
9.26164379587849E-013
0
-1.47888430782015E-020
0
3.75810329741264E-020
0
-1.15149154111307E-014
0
-1.39143677203745E-021
0
1.86203407615553E-020
0
1.43174999729342E-016
0
3.09788658273678E-020
0
-1.91942692102671E-020
0
-1.78768275751624E-018
0
2.60899673385157E-020
0
5.8963521409789E-023
0
2.05028462266652E-020
0
-2.88657269221057E-020
0
5.63609234599972E-023
0
-4.42205741105045E-022
0
-2.18241978476073E-021
0
-8.71966964473696E-021
0
-1.9971587844629E-021
0
-5.9900090482693E-021
0
4.64317801151708E-021
0
5.46605464632126E-021
0
-5.28752874435187E-022
0
4.18664701904335E-021
0
4.26701385360353E-021
0
2.64743256465268E-021
0
9.74465325228179E-021
0
-6.3517183602219E-021
0
4.14674257985434E-021
0
-7.86112353239267E-021
0
-1.22565770596302E-020

